5,26
73,3
73,2
73,1
73,0
69,11
69,10
69,9
69,8
69,7
69,6
72,12
72,11
72,10
72,9
72,8
72,7
72,6
5,25
5,24
72,5
72,4
72,3
72,2
72,1
72,0
71,3
71,2
71,1
71,0
70,5
70,4
70,3
70,2
70,1
70,0
66,10
66,9
69,5
69,4
69,3
69,2
69,1
69,0
66,8
66,7
66,6
68,5
68,4
68,3
68,2
68,1
68,0
67,36
67,35
67,34
67,33
67,32
67,31
67,30
67,29
67,28
67,27
67,26
67,25
67,24
67,23
67,22
67,21
67,20
67,19
67,18
67,17
67,16
67,15
67,14
67,13
67,12
67,11
67,10
67,9
67,8
67,7
67,6
67,5
67,4
67,3
67,2
67,1
67,0
5,23
66,5
66,4
66,3
66,2
66,1
66,0
53,88
9,95
10,34
10,33
9,94
9,93
65,6
65,5
65,4
65,3
65,2
65,1
65,0
10,32
10,31
9,92
9,91
9,90
64,6
64,5
64,4
64,3
64,2
64,1
64,0
5,22
63,6
63,5
63,4
63,3
63,2
63,1
63,0
9,89
9,88
5,21
62,6
62,5
62,4
62,3
62,2
62,1
62,0
61,6
61,5
61,4
61,3
61,2
61,1
61,0
9,87
60,6
60,5
60,4
60,3
60,2
60,1
60,0
5,20
59,6
0,56
0,55
59,5
59,4
59,3
59,2
59,1
59,0
9,86
9,85
9,84
58,5
58,4
58,3
58,2
58,1
58,0
57,5
57,4
57,3
57,2
57,1
57,0
9,83
56,6
56,5
56,4
0,54
0,53
56,3
56,2
56,1
56,0
55,6
55,5
55,4
55,3
55,2
55,1
55,0
10,30
10,29
9,82
9,81
54,10
54,9
54,8
5,19
54,7
54,6
54,5
54,4
54,3
54,2
54,1
54,0
53,87
53,86
53,85
53,84
53,83
53,82
53,81
53,80
53,79
53,78
53,77
53,76
53,75
53,74
53,73
53,72
53,71
53,70
53,69
53,68
53,67
53,39
53,38
53,66
53,65
53,64
53,37
53,36
53,35
53,34
53,33
53,32
53,31
53,30
53,29
53,28
53,27
53,26
53,25
53,24
53,23
53,22
53,21
53,20
53,19
53,18
53,17
53,16
53,15
53,14
53,13
53,12
53,11
53,10
53,9
53,8
53,7
53,6
5,18
53,5
53,4
53,3
53,2
53,1
53,0
10,28
10,27
10,26
10,25
10,24
10,23
10,22
10,21
10,20
10,19
10,18
10,17
10,16
10,15
10,14
10,13
10,12
10,11
10,9
9,77
10,8
10,7
9,75
9,74
5,17
52,6
52,5
52,4
52,3
52,2
52,1
52,0
0,52
9,73
9,72
9,71
9,70
51,6
51,5
51,4
51,3
51,2
51,1
51,0
5,16
50,6
50,5
50,4
50,3
50,2
50,1
50,0
9,69
5,15
49,4
49,3
49,2
49,1
49,0
48,5
48,4
48,3
48,2
48,1
48,0
5,14
5,13
47,9
47,8
47,7
47,6
47,5
47,4
47,3
47,2
47,1
47,0
5,12
46,5
46,4
46,3
46,2
46,1
46,0
45,6
45,5
45,4
45,3
45,2
45,1
45,0
9,68
9,67
44,6
44,5
44,4
44,3
44,2
44,1
44,0
43,5
43,4
43,3
43,2
43,1
43,0
9,66
9,65
9,35
42,5
42,4
42,3
42,2
42,1
42,0
41,7
41,6
41,5
41,4
41,3
41,2
41,1
41,0
40,5
40,4
40,3
40,2
40,1
40,0
5,11
39,5
39,4
39,3
39,2
39,1
39,0
9,33
9,32
9,31
5,10
38,5
38,4
38,3
38,2
38,1
38,0
0,51
0,50
5,9
37,12
37,11
37,10
37,9
37,8
37,7
37,6
37,5
37,4
37,3
37,2
37,1
37,0
36,6
36,5
36,4
36,3
36,2
36,1
36,0
35,6
35,5
35,4
35,3
35,2
35,1
35,0
9,28
34,11
34,10
34,9
34,8
34,7
34,6
34,5
34,4
34,3
34,2
34,1
34,0
33,5
33,4
33,3
33,2
33,1
33,0
32,4
32,3
32,2
32,1
32,0
31,4
31,3
31,2
31,1
31,0
5,7
30,3
30,2
30,1
30,0
29,6
29,5
29,4
29,3
29,2
29,1
29,0
9,24
9,23
10,4
9,22
9,21
9,20
28,8
28,7
28,6
28,5
28,4
28,3
28,2
28,1
28,0
27,4
27,3
27,2
27,1
27,0
26,8
26,7
26,6
26,5
26,4
26,3
26,2
26,1
26,0
25,5
25,4
25,3
25,2
25,1
25,0
24,6
24,5
24,4
24,3
24,2
24,1
24,0
9,17
9,16
9,15
9,14
9,13
23,6
23,5
23,4
23,3
23,2
23,1
23,0
22,7
22,6
22,5
22,4
22,3
22,2
22,1
22,0
9,10
5,5
5,4
5,2
5,0
21,6
21,5
21,4
21,3
21,2
21,1
21,0
9,9
20,8
20,7
20,6
20,5
20,4
20,3
20,2
20,1
20,0
19,4
19,3
19,2
19,1
19,0
18,6
18,5
18,4
18,3
18,2
18,1
18,0
17,3
17,2
17,1
17,0
16,4
16,3
16,2
16,1
16,0
15,3
15,2
15,1
15,0
14,6
14,5
14,4
14,3
14,2
14,1
14,0
13,5
13,4
13,3
13,2
13,1
13,0
12,5
12,4
12,3
12,2
12,1
12,0
9,8
9,6
11,3
11,2
11,1
11,0
10,3
10,2
10,1
10,0
9,3
9,2
9,1
9,0
1,2
3,2
8,3
8,2
8,1
8,0
0,9
2,2
7,3
5,3
4,3
0,2
1,45
3,44
2,44
1,44
3,43
2,43
1,43
3,42
2,42
1,42
3,41
2,41
1,41
3,40
2,40
1,40
3,39
2,39
1,39
3,38
2,38
1,38
3,37
2,37
1,37
3,36
2,36
1,36
3,35
2,35
1,35
3,34
2,34
1,34
3,33
2,33
1,33
3,32
2,32
1,32
3,31
2,31
1,31
3,30
2,30
1,30
3,29
2,29
1,29
3,28
2,28
1,28
3,27
2,27
1,27
3,26
2,26
1,26
3,25
2,25
1,25
3,24
2,24
1,24
3,23
2,23
1,23
3,22
2,22
1,22
3,21
2,21
1,21
3,20
2,20
1,20
3,19
2,19
1,19
3,18
2,18
1,18
3,17
2,17
1,17
3,16
2,16
1,16
3,15
2,15
1,15
3,14
2,14
1,14
3,13
2,13
1,13
3,12
2,12
1,12
3,11
2,11
1,11
3,10
2,10
1,10
3,9
2,9
1,9
3,8
2,8
1,8
3,7
2,7
1,7
3,6
2,6
1,6
3,5
2,5
1,5
3,4
2,4
1,4
3,3
3,0
2,3
2,0
1,3
1,0
0,6
0,0
0,47
0,46
0,49
0,48
0,45
0,12
0,10
0,8
0,11
0,5
0,7
0,4
0,3
